Water Breakthrough Prediction - Evaluation Report
==================================================

mae: 0.07655926793813705
rmse: 0.11718554892505247
r2: 0.9113044738769531
mae_original_scale: 0.07605771720409393
rmse_original_scale: 0.116417840886213
bt_accuracy: 0.9745649263721553
bt_precision: 0.9652333028362305
bt_recall: 1.0
bt_f1: 0.9823091247672253

physics_params:
  s_wc: 0.19953201711177826
  s_or: 0.20007257163524628
  kr_w_max: 0.2989689111709595
  kr_o_max: 1.0
  n_w: 3.001769781112671
  n_o: 1.999996304512024
  mu_w: 0.5005158851409777
  mu_o: 1.9979385873820574
  porosity: 0.25
gate_mean: 0.7518725395202637
gate_std: 0.08800709247589111
survival_p10_mean: 0.7571064829826355
survival_p50_mean: 0.8787520527839661
survival_p90_mean: 1.0215222835540771
survival_p10_std: 0.025365300476551056
survival_p50_std: 0.0062522878870368
survival_p90_std: 0.046467240899801254
survival_mu_mean: -0.12927795946598053
survival_sigma_mean: 0.1166817918419838
survival_calibration_80: 0.0
