Water Breakthrough Prediction - Evaluation Report
==================================================

mae: 0.07864686101675034
rmse: 0.12157294227913715
r2: 0.904538631439209
mae_original_scale: 0.07813162356615067
rmse_original_scale: 0.12077649149089252
bt_accuracy: 0.9886211512717537
bt_precision: 0.9980806142034548
bt_recall: 0.985781990521327
bt_f1: 0.9918931807343825

physics_params:
  s_wc: 0.2013067901134491
  s_or: 0.2008296549320221
  kr_w_max: 0.2993908226490021
  kr_o_max: 1.0
  n_w: 3.0009896755218506
  n_o: 2.000041961669922
  mu_w: 0.500305356577432
  mu_o: 1.9987793195316432
  porosity: 0.25
gate_mean: 0.6955264210700989
gate_std: 0.11338544636964798
